-3
-1
0
-7
3
-15
-2
-15
6
10
-18
-5
0
-14
-3
-25
8
11
24
-10
9
-19
9
13
-19
1
-14
-5
-10
12
-1
19
2
20
-11
-9
11
6
9
1
6
-1
14
15
1
-1
16
6
-9
-1
11
10
13
-8
-3
3
19
3
2
20
0
13
4
-4
-17
-7
-13
6
13
14
10
-1
8
-7
8
-17
23
3
-23
-7
9
-4
10
2
-28
1
11
24
-4
-3
18
-29
9
9
-7
11
12
7
-16
-22
-20
15
-15
-7
3
-5
-7
-7
-8
6
10
-5
-7
3
-5
6
-13
3
-9
21
19
-15
-24
6
10
2
-8
-3
-18
5
10
-11
24
-18
1
-2
16
-1
1
9
-3
4
8
7
-11
3
-12
15
1
1
-4
-6
11
13
12
23
17
-1
7
-21
-9
-19
15
-1
-8
27
26
-6
-8
1
16
3
-4
-2
-3
-6
0
-15
8
7
-8
-1
4
-2
-14
-4
-18
-10
5
0
11
22
19
-5
-27
4
-5
1
-4
-6
0
12
-1
13
6
-5
-5
-3
9
20
-6
4
-10
3
-11
4
-12
-11
-9
8
-2
-17
2
-1
-1
3
19
-8
16
3
-5
-8
-9
2
-3
16
7
11
1
11
16
-8
-14
7
14
-8
5
-2
3
-18
-16
-16
-15
3
-10
-4
29
0
4
14
2
-5
0
-8
-8
0
10
6
6
-5
5
2
-6
-11
20
-9
-17
-1
7
-17
-14
-11
-5
0
4
-5
10
-2
4
5
19
10
-9
8
10
11
-2
-19
8
4
11
16
23
-2
-9
7
5
5
-6
13
3
-11
-2
-12
-6
-4
-32
-22
-8
-16
11
10
-6
-6
0
12
-17
-7
7
-4
-2
-9
4
-13
2
16
0
-16
-20
-6
8
-12
10
-6
0
9
17
-3
-21
-15
-18
11
-3
5
7
-13
8
-18
-13
-25
13
-10
-18
17
-23
-4
-2
7
-24
3
11
4
-1
2
0
5
-3
6
14
3
-1
9
12
-12
-5
-15
-2
-7
11
4
-1
9
-18
5
0
-3
6
11
-6
-14
-5
-10
5
2
2
-9
4
11
-6
2
8
14
15
9
-13
-12
4
-3
-10
6
2
-2
2
-3
-5
5
-16
4
0
10
-6
6
-11
-14
7
12
-14
-2
-1
4
-4
11
4
-5
2
-8
21
19
18
11
-1
-4
-2
4
0
14
-7
-25
-1
-2
-6
-6
-2
-3
-13
7
-20
6
8
-7
-9
2
-3
11
9
5
1
-4
-9
4
13
-2
-9
-5
9
0
-9
3
-11
2
-9
2
-7
12
2
-11
1
-1
-1
-2
-26
11
-2
1
12
-3
1
25
20
-3
7
-21
2
4
12
5
6
-4
-18
-6
19
6
0
12
12
11
-4
-6
-7
25
4
-2
-12
6
-7
-16
3
2
3
-14
6
-1
11
12
-1
-1
-16
-1
2
19
26
-4
23
-20
-6
1
11
18
11
0
13
3
-6
-7
-11
7
-2
-14
-3
-5
0
-6
1
-8
0
8
-1
4
5
7
5
10
9
1
14
-22
2
14
7
3
-11
-3
24
0
-8
2
-1
8
12
-13
8
4
-9
-12
-11
5
17
-12
-5
7
2
14
0
5
9
-8
7
-3
21
-2
2
42
-23
-4
-2
1
8
-11
4
3
9
1
-11
-4
-7
7
11
11
4
19
-1
1
-6
15
-12
-15
6
12
8
-6
24
5
8
-20
8
1
0
4
5
-3
-22
9
-3
20
-8
9
-11
-10
5
-6
-18
-13
-1
9
2
-4
-18
-6
-7
8
8
6
-14
-10
5
-13
0
-9
11
1
-12
15
-14
-15
7
4
-6
4
4
6
-14
14
5
10
6
9
-4
18
12
-4
-19
4
-12
18
-11
-19
10
-11
13
7
-7
10
13
11
16
5
-11
12
7
-33
0
-6
14
0
7
-14
1
12
-5
-17
2
-13
-2
-12
-7
-6
15
23
2
10
-14
-5
-4
11
-2
15
3
-8
-4
11
1
2
3
-4
12
0
8
6
-9
-3
4
-6
8
1
-5
-6
-22
10
-10
-15
-1
19
8
-13
10
-5
-4
12
10
0
10
-5
-8
-5
-11
26
-8
-1
22
-11
-7
-18
4
-8
-13
-12
9
-1
0
1
-5
-16
19
-1
-8
7
-1
-18
20
8
3
10
8
12
9
5
-3
1
-21
-13
-1
-6
11
-10
-27
25
-14
-11
14
18
-5
-4
-1
-4
-14
-10
-15
0
12
2
3
15
20
-5
8
5
-3
2
-6
-19
-12
-8
10
9
3
-9
-7
1
7
-7
2
-3
9
-17
-11
6
-12
-20
-16
-3
-5
12
2
-9
-5
3
-1
15
7
-22
5
14
4
-32
-20
7
4
8
6
-6
-2
14
21
0
-6
13
13
2
-5
4
-3
-16
-2
-4
-11
0
3
-1
10
-18
-3
-10
-4
11
7
-3
12
2
-11
-24
-8
7
11
8
-5
-14
12
12
-18
-1
-6
9
-16
3
-3
-12
0
9
-4
8
4
-3
-2
-11
4
2
10
12
-17
-14
-4
7
-3
-10
4
-2
10
18
23
11
14
-17
13
7
-15
-3
-15
6
-6
-11
-7
-3
-1
8
4
-11
-12
11
-22
-10
-21
1
11
9
15
11
-15
5
-22
8
22
-6
-1
-15
3
-3
8
1
20
1
-6
19
-17
2
11
-3
10
8
9
2
2
7
8
-4
0
-12
-13
20
-3
13
6
1
-18
-13
11
10
-3
-7
-9
8
0
-2
11
-1
-14
16
12
-27
-2
3
4
-3
11
-4
15
6
-18
-3
-1
3
12
-7
-5
4
-7
1
1
-19
-23
10
10
1
-11
-9
-4
-6
24
-4
4
9
3
5
-13
-6
14
7
6
6
-12
-12
0
2
17
17
-3
-23
-11
4
10
-5
2
-17
-19
8
-4
-6
-16
10
-12
1
4
-17
-5
-8
12
11
10
21
-15
9
6
-7
12
15
-9
16
-5
0
-2
7
-11
-7
9
9
-2
-4
3
-5
2
-6
0
2
15
-7
14
-1
3
10
8
-21
12
6
1
-6
-4
-1
2
-2
7
-5
6
-3
13
-4
-9
-8
-2
-2
-12
9
-16
3
-10
-18
-16
-33
12
4
-6
-24
8
-8
16
12
-6
-7
2
-16
8
0
15
4
5
7
4
6
15
4
-6
3

