3
-10
79
14
29
-10
-14
91
1
-13
22
-2
-48
-6
-26
20
40
-24
18
-45
-24
17
-26
72
23
23
14
-28
8
-24
25
57
-60
-2
3
-28
-15
-15
28
-18
7
-6
15
41
5
-12
-37
-7
-46
36
21
-17
38
3
21
-5
10
20
-15
-16
23
-28
24
-24
17
14
-19
16
-43
-46
17
4
9
74
-17
19
-7
14
-2
47
2
2
19
-17
15
2
-7
-59
2
17
15
1
5
51
40
15
-8
23
29
-7
-15
-40
-1
-32
43
11
-17
-12
-30
-3
18
4
31
0
-3
30
-10
-20
14
14
12
21
2
19
-39
16
-10
5
-11
-23
-19
5
27
-23
16
34
36
22
47
-9
44
-5
67
12
24
36
-14
21
6
10
-9
3
-7
-56
-44
-14
-23
-31
7
11
14
2
24
52
-32
-46
12
-22
-36
-45
-65
27
33
-90
9
33
18
37
-14
-3
-36
28
-1
5
-38
-38
-19
22
29
-23
-34
-9
-14
-24
47
-28
4
5
8
25
22
-2
-22
-16
15
-16
12
-30
15
-7
49
-5
24
-9
6
9
-12
-8
44
3
-52
55
-7
48
30
-12
21
55
27
-15
47
-62
9
-16
17
23
22
20
-14
-19
-10
10
6
-6
-15
3
42
-36
-41
-33
21
16
-17
7
-26
6
13
13
-19
-38
3
-44
-33
-20
-10
-12
9
36
15
-20
-1
40
-13
-26
4
-22
-34
33
-34
-4
2
31
8
-18
43
-21
-12
12
-17
-8
25
24
7
14
-47
34
35
16
-27
-29
-9
5
10
-17
-38
-20
8
4
26
-19
6
-39
-41
-34
-4
24
-27
13
-16
-35
-23
-5
-10
-24
-17
-46
-8
-37
-61
-17
17
32
6
18
4
0
24
36
41
6
-1
13
-3
-19
11
-3
-10
-11
-3
12
2
-18
-9
4
-18
8
-7
-64
-1
-73
-22
15
17
5
-14
-39
34
-1
-9
-37
-43
6
-24
0
43
-9
8
0
-25
22
-6
-17
-25
25
33
-3
6
18
-7
10
8
51
1
-21
78
-19
40
-6
20
-6
-5
2
-30
-46
3
10
36
30
-18
7
25
21
-9
19
-19
-13
7
4
-26
-30
-15
17
-12
7
-21
-5
-16
-13
30
41
36
14
37
-15
27
24
23
3
18
-43
26
-2
34
32
-36
22
-10
4
8
9
-25
-34
-29
9
46
6
-11
23
10
0
12
-20
-22
4
-28
-8
30
23
-33
-14
28
50
20
1
29
28
13
-24
80
-11
-55
6
-27
-8
-21
-25
6
20
17
19
-32
-5
75
-4
-54
10
31
3
-16
32
28
0
-2
-18
42
31
-45
3
-38
-9
-4
3
-35
-15
-3
0
-18
-12
-1
8
-16
-59
-28
-3
-20
-34
-44
8
19
-18
-16
-34
46
-14
16
-15
22
52
-1
-9
-23
-9
-42
-19
-13
-71
5
-21
0
-7
18
58
-12
19
11
7
37
-15
55
-5
-40
1
-2
-23
-15
-5
-29
17
48
-36
-14
-12
52
20
30
59
9
28
-8
-10
-24
-12
35
20
-39
-8
-60
10
15
-11
40
8
-5
1
-52
16
-26
-19
39
-12
-58
27
15
-27
7
26
20
12
-6
-36
-7
5
-25
-9
-31
4
-34
22
25
-73
-10
95
55
22
-19
-42
-17
29
-8
-9
-36
-37
20
1
40
-1
-31
19
-23
10
21
53
81
-54
61
26
-40
-34
-25
-32
41
0
-63
-8
-47
-16
11
9
49
17
7
6
21
-7
-4
-3
36
17
-48
-25
-31
3
-31
-26
8
-20
-16
-7
-31
-21
39
3
0
30
9
-8
1
-2
23
6
-18
-4
31
-51
8
16
-42
-19
-32
-5
-28
40
13
-18
-19
21
30
16
19
43
18
6
10
-25
-52
21
-8
-38
-13
46
15
-30
-3
-3
-28
16
-14
-4
17
48
-66
-22
17
-7
43
57
-13
-28
-15
12
-51
-20
-72
-39
-17
6
-8
-3
-26
-7
-16
12
-4
-28
19
-25
-7
34
7
52
-28
2
-6
-10
-59
17
-33
22
-41
12
12
-8
-14
22
-21
52
30
20
18
39
-48
-41
0
17
-18
-15
-32
20
-2
3
38
0
-37
38
11
23
37
-12
44
-26
-15
12
55
12
18
-6
23
24
37
12
22
52
-14
6
-9
-8
4
-25
-24
13
-19
-32
28
-39
-9
31
9
-22
-35
-64
-18
0
-15
16
-12
-41
-57
9
-25
-7
-41
7
9
-29
37
13
-22
32
-4
85
15
8
-16
-12
-9
14
3
15
18
22
19
45
5
19
5
-29
-26
20
63
-4
-22
8
22
12
11
-48
11
8
-12
-49
1
-53
-8
-14
-13
44
29
0
-12
-19
5
0
29
32
3
30
-10
18
-25
11
0
5
-18
-26
28
-13
-32
-11
7
20
51
-45
-3
4
8
-37
-10
7
29
-14
4
10
-17
-17
46
14
-18
4
0
9
49
11
59
45
-22
21
-52
-10
-10
4
-4
17
18
32
-13
-11
7
-11
-20
28
30
37
15
-21
35
7
-63
25
-35
-1
-6
2
11
-27
-35
50
20
-15
0
-7
16
3
15
-19
-32
12
-9
8
-4
-24
1
21
-10
5
60
5
19
-4
-10
15
14
-13
-9
8
-1
33
-15
4
-54
-36
-25
-1
-3
8
17
-33
6
2
48
4
-3
16
61
-25
57
-14
-2
3
31
37
-20
-23
-15
-7
-44
-13
44
28
-26
-19
20
-24
0
-16
-3
3
37
18
-25
-25
-25
-3
11
4
-2
-15
2
22
6
-17
-17
5
40
-7
-12
-22
38
38
-2
-39
46
-57
-35
6
-13
7
-39
7
13
23
1
-10
-15
8
-28
44
-6
-2
-30
64
15
26
-20
-20
20
32
-17
45
-15
-17
-30
-38
-32
-8
-45
-14
48
62
-49
0
54
-1
13
32
24
10
-72
-24
-20
-37
27
-2
11
-13
29
40
-40
13
2
-10
-20
3
25
-7
23
-28
4
28
14
-7
-36
4
-25
9
19
-3
9
49
29
17
-58
-32
-23
-2
-29
-33
29
5
-22
9
-5
2
-9
19
-24
-19
19
9
3
-18
-29
15
-15
-29
-27
-68
9
-4
-40
7
1
8
12
-20
-58
-9
9
0
-2
24
13
-18
-33
-4
14
23
-3
-12
2
-28
44
-12
22
24
-49
41
51
-18
-26
-11
17
-9
-24
-54
10
-27
-27
20
12
-23
18
29
-26
-17
-25
27
5
10
7
11
19
-23
23
-32
-29
-15
2
-29
-45
-3
-2
35
20
38
6
32
48
31
23
38
12
37
-64
-3
-16
-4
41
-2
-29
27
-50
17
6
19
8
-17
-15
6
-20
16
-1
-25
-33
-4
30
17
-25
10
34
-7
-64
-25
25
66
-14
-16
-13
-14
14
7
2
-13
-6
-25
1
-1
-36
-2
11
14
42
35
13
-9
-37
15
7
11
-47
-10
8
13
-42
-7
-17
-34
25
22
2
43
-32
-61
-2
64
5
20
28
-41
-5
18
-24
52
-1
5
-9
3
38
22
-51
-14
-21
-11
-3
-24
-1
14
46
-4
13
-43
0
8
63
3
-32
6
-17
35
-16
-17
12
8
-14
-4
-14
-14
-14
14
-25
27
-37
28
50
-9
-5
-14
30
-1
4
21
13
-16
22
-27
1
15
50
33
16
29
-25
21
-8
33
29
-13
-59
-3
-23
-16
-11
5
17
-28
-39
1
-11
-3
-11
12
14
-45
21
-17
12
-36
-16
43
4
-15
-4
-25
13
-27
-10
6
-12
30
4
-7
31
-9
8
4
24
-13
68
26
21
-2
-37
-18
25
-17
-6
-8
4
24
-9
36
20
5
-29
16
-15
5
-11
-26
-17
17
39
-4
16
-20
8
31
-12
21
25
11
-5
28
-22
0
-3
0
-30
-60
41
30
23
37
29
-2
-9
2
12
-19
29
0
29
-3
-5
-7
-55
-35
-45
31
0
52
-48
-1
9
6
-14
35
-16
-13
37
4
17
-26
13
16
9
10
-20
-17
47
45
67
11
-6
45
-44
41
2
-11
57
-48
-7
10
1
31
66
37
-25
13
-14
-11
-5
22
3
26
-23
-37
5
25
38
-24
-35
4
-27
-11
-12
26
-30
-9
-16
-25
34
16
3
-56
-25
-33
32
9
-11
-6
-30
-24
19
19
25
-16
17
5
-14
11
9
32
3
25
4
-10
30
8
-43
-22
-4
-59
21
24
-62
-6
-21
2
43
-3
23
19
-2
1
59
-28
-8
48
-17
-9
19
12
20
22
4
44
-15
-29
-19
40
42
43
6
5
16
-10
-22
6
79
-22
-21
-3
-46
-24
15
-6
-27
38
12
15
-4
-13
-20
-1
15
27
2
0
-12
9
-17
-44
7
-4
-26
-3
-5
-49
-17
-1
-48
-25
46
-23
11
1
-1
38
-12
6
59
5
20
-23
-13
-20
-35
-30
-51
1
-34
7
-12
21
15
4
29
6
2
11
-12
2
47
18
-31
21
39
-1
-25
7
-24
-13
2
0
-9
10
-35
-27
-44
-33
-22
-11
37
51
-15
-1
29
14
-6
-30
-8
5
-5
24
-28
21
33
-46
-21
-4
0
14
-18
-63
5
74
-35
6
-40
-26
-8
23
-37
-34
50
-10
11
-40
-67
-27
36
4
-15
72
-28
22
38
-1
5
-63
-42
-53
-5
3
-25
56
-11
29
-20
31
-27
26
-14
-14
34
12
-27
-27
26
-40
-8
19
5
15
21
-57
-2
31
14
9
-9
4
3
29
45
-59
-19
-4
41
-3
-18
23
-12
34
31
9
-28
20
-18
-6
15
14
-4
-36
-9
-19
18
-15
1
-23
12
4
-18
-42
3
-4
-13
14
24
-13
49
-16
3
9
25
14
-25
-14
-20
54
28
19
-9
37
5
-8
24
-36
-9
27
10
-29
2
15
-38
5
9
34
22
-39
-17
19
1
53
14
15
-21
27
-18
12
-21
-6
-3
26
25
13
-32
-12
-22
-16
-8
31
-8
21
-51
-32
-4
-10
-41
22
11
-4
9
17
17
36
0
3
-40
37
20
-12
-8
12
-11
-6
67
36
17
32
-7
13
-26
-15
-17
1
1
-53
-29
6
20
23
-30
-52
-20
-42
-10
14
14
-28
38
16
-4
-41
-23
-12
49
3
34
-3
20
-44
21
4
8
-29
-34
-33
25
-16
12
-30
-31
-49
13
-64
51
20
20
24
5
19
-2
-41
-7
14
18
-43
48
-5
-30
18
-27
17
-25
4
27
-1
28
0
0
34
-4
-40
4
-13
-38
-59
-7
-8
0
-8
7
38
24
35
15
-88
11
4
-24
-10
35
-12
2
26
-2
-98
29
-18
-37
61
5
42
20
32
-54
39
33
-21
21
0
-1
42
-1
60
-24
0
0
10
61
-10
65
-39
-12
-3
-3
34
7
-7
3
18
14
15
-14
-25
-31
2
-10
-15
-13
-17
-1
10
16
10
-21
-20
-9
-25
10
-6
7
-48
11
1
18
14
0
25
-13
18
-33
55
-15
18
-17
-11
20
-18
-23
32
-17
-5
1
0
-13
52
15
-15
38
34
-34
1
63
13
-23
-29
-13
8
16
14
-57
14
-61
1
27
-11
-38
9
-19
58
5
-5
28
-20
-29
8
-12
30
-4
43
-14
-33
17
29
-53
-4
10
41
-13
-32
-2
29
22
-27
14
-2
-29
6
36
18
-22
-3
0
-35
52
-4
19
0
-44
-8
32
25
-18
7
26
59
-23
2
-10
58
-34
-29
-56
12
-9
4
-16
-10
-34
39
17
-1
16
-5
-8
-15
6
-7
-61
-6
6
-12
-39
-3
21
-25
-17
3
1
-26
-30
-13
-23
-44
11
-69
2
5
-13
36
-19
45
-38
-23
-2
-30
1
11
8
27
17
-15
5
-5
-45
-2
-7
29
15
50
-9
49
-13
35
-12
29
-5
38
28
-53
19
16
13
46
-1
18
-39
8
-32
26
-6
6
10
-29
37
20
47
-9
30
25
25
-17
14
26
20
-79
31
33
9
16
-33
-1
15
13
20
33
-19
-6
-13
-9
-4
-13
14
6
24
6
-34
-24
6
13
-8
-22
-24
13
2
-31
15
-20
-19
28
-21
2
-15
27
-65
-39
30
-40
52
38
39
-3
-2
-3
8
33
-6
8
-21
-20
22
39
0
-6
-9
50
-9
-11
31
-26
17
-8
-16
-70
-1
-4
15
-31
25
33
-34
-16
-26
-14
31
-6
-23
12
20
-8
-16
-2
30
7
-18
8
29
0
-18
-3
-8
-31
6
35
35
-33
25
50
6
-6
29
-51
16
32
-21
25
-34
22
1
-8
30
37
36
20
-10
-27
21
-30
-23
19
14
-28
-42
-8
20
35
29
-36
-38
-61
-47
-15
-13
-17
5
-37
-60
16
13
23
-22
11
14
1
7
6
23
-15
16
17
-8
-9
-20
21
-21
-21
-24
27
3
16
12
-6
32
-32
-47
-41
-1
11
31
10
38
-19
20
-20
8
-10
0
-10
6
-24
7
19
-14
20
18
-5
9
8
7
-8
-14
-3
-23
5
-51
38
-9
-34
5
-18
-7
-17
48
-15
-26
11
44
-19
15
49
45
-5
0
-19
-26
-8
-16
5
14
-26
-50
-42
13
9
7
24
8
-16
-22
74
-14
-33
-13
-9
16
11
-14
-13
-23
-11
12
-7
31
12
-6
-32
-11
19
-28
64
14
-52
-5
39
19
17
17
-29
3
0
-16
-62
16
-24
10
59
-6
-60
7
-1
9
-21
-25
2
-6
-37
23
26
-18
-7
3
57
-41
38
-65
50
18
-5
9
53
51
-9
23
37
10
-17
-4
10
-7
-22
-2
-25
-45
10
23
-1
27
-10
-13
11
-19
11
-6
-3
-33
20
3
22
-2
0
-14
23
-38
-32
49
31
28
-20
-45
-24
14
-13
7
-24
3
-2
27
24
-2
26
11
15
-39
-30
-3
40
49
8
2
-42
-1
-19
-29
-26
-14
-19
-12
-3
-8
17
-11
13
-12
-9
-12
18
-19
-23
43
9
43
85
-19
-17
12
38
-17
-12
8
2
-6
33
25
-11
-13
-61
17
-22
-2
14
-30
-10
-2
-10
12
38
-65
20
-3
-13
-42
2
-12
14
37
-5
3
15
-7
5
-22
43
17
-4
4
-29
84
44
-25
-30
-25
34
11
23
-20
-17
36
-2
-37
-6
31
-14
2
10
21
2
-16
24
-43
22
-10
18
14
26
-48
47
1
-30
-5
-33
8
-15
9
6
-30
7
14
22
26
21
24
8
17
56
10
-80
-12
-1
17
4
-21
9
9
26
34
10
-43
-34
5
-18
9
5
-17
13
-7
-31
36
-1
-42
-27
33
-1
-26
-10
-21
20
-3
34
-17
32
11
-5
-32
18
-13
-4
-10
-19
47
4
-30
-4
31
0
-10
19
8
-29
26
12
3
-35
-3
10
-3
25
11
-28
49
-38
16
9
25
42
-14
5
-1
-56
-36
-37
30
9
43
-3
19
14
6
11
-30
20
-1
24
7
-42
25
-2
-20
-20
-11
-22
43
9
-12
19
11
-3
8
4
-18
31
54
32
-58
18
-1
-6
-47
-4
13
-20
-26
-2
20
24
31
11
16
-4
12
6
10
33
-9
-26
5
-38
12
-6
9
-68
-13
28
4
34
40
23
-1
-15
-5
-27
20
-43
3
8
-64
-30
63
-8
-31
32
-9
10
-1
2
24
-33
31
26
-21
23
19
2
-19
-24
42
-13
23
-10
30
-30
21
26
5
11
-9
24
5
-6
-24
28
4
0
17
15
-7
2
7
-30
11
12
46
-18
0
25
17
30
12
-41
10
-19
6
-24
-33
-27
-1
-29
10
11
12
18
17
-30
-14
-21
-19
16
39
11
-46
-18
-15
5
-11
-4
-9
-2
-6
7
35
1
16
40
79
-20
8
1
-10
-40
36
57
-3
7
-11
6
-20
-2
43
48
4
-34
13
11
33
1
34
4
-40
-19
15
-7
34
-18
19
31
-9
3
-7
-40
-25
27
4
-26
35
-8
-15
-35
71
0
-27
-14
-3
31
30
-25
-42
27
-4
-11
16
4
-22
6
8
12
38
-44
19
-7
8
-16
-14
-8
11
-37
3
45
4
-3
11
-3
11
10
21
7
10
-25
-43
10
8
3
34
9
-16
3
16
-25
-12
0
6
-11
-32
24
8
-40
14
-23
3
7
7
19
22
6
-28
-19
-33
1
11
32
21
-3
-19
14
-23
40
-1
-14
32
-38
-18
-49
10
1
41
9
-10
4
10
27
-10
-31
6
-12
9
-57
-27
30
-12
13
12
-17
4
-30
-46
26
23
5
11
-46
-49
-23
-54
-5
4
14
-5
8
18
4
16
-54
5
-28
-3
6
-45
-23
-2
24
35
-19
-50
0
-49
46
-10
27
-8
-3
54
-21
27
11
-13
5
-16
4
1
8
-23
1
3
60
-32
-11
-12
33
-39
49
-55
-18
16
9
53
4
-18
14
-21
-4
-21
4
-4
-54
-25
5
26
-28
7
3
22
0
27
-23
-23
-49
-29
3
-34
9
-27
23
22
23
27
-7
5
-7
15
8
14
32
18
6
-26
-28
47
31
5
-12
18
8
-38
-27
-27
-9
6
-33
-1
49
16
-9
42
-13
-23
-19
11
4
-15
-14
-8
1
0
30
-9
-1
6
-37
-52
60
-40
-15
31
55
-25
-46
-11
-27
-4
-50
53
-16
-1
-24
1
19
-43
7
-17
-27
3
6
-5
-10
-24
-23
-19
6
-10
-33
-44
24
42
-16
-10
-58
33
-69
28
-14
-34
2
-51
3
-3
12
-18
-4
21
-6
-17
30
-8
-16
-30
6
4
-17
15
-45
27
-5
-6
8
-41
8
67
9
-26
-12
16
13
-11
-14
-16
56
19
23
-12
11
14
-18
19
-23
42
13
-22
-13
20
-37
5
25
-24
6
11
-6
37
7
21
46
-19
-23
5
-11
-6
37
-6
-55
-5
-35
22
-1
32
-17
21
0
9
-38
-22
-25
40
-7
45
-39
-9
49
8
1
-5
-6
1
-1
-14
-16
-13
-3
17
3
47
5
40
16
0
-20
-30
-17
34
-3
37
-8
2
-15
-1
63
-19
-30
8
-3
20
4
82
12
-15
6
9
-3
7
-15
0
-13
-29
19
-10
-28
44
-31
19
-1
-48
53
-12
-41
44
8
11
-2
-5
18
7
25
-5
20
-22
9
-32
32
-17
-3
12
-10
33
16
-12
16
39
5
68
-63
2
23
3
-39
4
-1
31
29
6
-11
-8
45
5
12
17
-20
-31
-36
-41
32
-11
4
-61
-9
49
34
2
11
8
-3
24
76
0
6
14
37
9
0
12
8
3
-26
29
-23
-34
10
43
6
-27
-39
6
5
49
26
-27
-37
-42
-13
50
-46
22
-52
-10
-54
13
3
46
-9
65
33
-18
12
-22
25
7
-22
-72
24
-22
-22
7
7
-3
-31
-17
-9
-19
-49
4
-11
-19
-36
37
15
-17
35
-50
-17
20
53
34
2
-5
-53
-27
-2
-10
-56
-45
19
-43
-10
-10
-15
-38
6
-12
-3
5
-80
15
16
-11
15
9
32
-8
-8
-10
-49
23
22
-17
-35
-22
16
-17
5
32
-7
-14
-25
-6
16
33
20
-34
28
8
2
-26
-62
4
6
-20
-36
11
4
-55
-18
21
7
-42
12
14
-63
12
-3
-3
-14
-7
48
-28
-3
-58
46
-18
2
2
-1
-5
25
4
19
26
9
-7
-18
25
-16
-27
28
42
-13
22
45
-52
3
11
-16
7
-21
43
12
14
-6
-43
-22
-19
1
-73
-43
-27
13
16
-10
2
-40
9
-26
12
34
13
-51
57
-76
-56
0
0
-5
1
15
-24
3
-16
4
-14
7
-62
-33
13
31
22
51
-31
32
-23
2
-10
51
22
26
30
13
1
24
19
-12
-13
5
3
-12
9
25
23
-15
-6
-50
-35
-15
-22
-24
-70
-18
-25
52
9
26
-11
13
-41
46
-16
19
-6
27
-21
26
1
0
-20
-18
37
-5
6
8
16
16
19
55
-2
7
-25
-2
57
-31
15
37
-33
-25
27
45
-5
10
-31
7
29
18
13
-11
9
-31
-25
-12
-37
46
38
-8
-7
-1
5
19
7
-37
-6
-54
-10
7
-50
22
-37
-21
18
-36
23
-39
-11
-36
-22
3
-20
2
3
47
14
-34
-7
3
-6
-40
6
-2
71
63
30
32
20
16
5
-13
-15
33
15
18
-46
55
6
-1
54
2
19
-29
-16
-18
27
-32
33
3
35
2
34
-42
-24
10
8
3
5
-17
29
20
-5
-1
30
-36
14
-22
-47
32
11
-4
21
2
-6
7
-4
8
-11
3
-37
-43
38
5
-27
-11
2
35
6
28
-18
18
-17
-29
-28
31
2
12
-3
-16
20
5
-34
-35
17
15
-17
27
16
-2
-9
23
6
2
40
-46
-51
2
25
21
-20
8
8
16
12
2
-23
18
23
8
-23
-33
-15
22
-34
1
-24
-37
-7
3
59
-36
26
-34
-17
-16
-36
-57
-46
3
1
19
-2
-29
-11
-3
-6
18
-34
34
-18
-12
-7
4
-6
29
-55
2
-23
-6
19
-2
-22
-21
14
0
3
8
-29
-19
-11
8
-25
-20
-1
39
-28
-18
5
-48
-25
33
-19
2
48
9
-11
-13
58
-45
6
-35
-45
-18
-6
0
-4
-6
27
36
-22
20
-22
0
29
-13
-4
-15
16
19
15
42
-47
-32
19
17
35
5
93
1
-14
-17
27
20
34
-15
22
-26
-2
1
6
22
-12
56
34
-14
-46
-36
2
36
-6
33
10
-7
2
-5
4
-20
-3
-9
7
-11
27
-24
-16
-11
-6
12
3
-12
18
-21
12
-29
-35
8
-14
-12
10
-34
-1
9
30
-5
18
23
-17
-21
-36
-2
-47
-22
24
-18
24
1
78
4
5
-31
-57
-45
-54
-2
-3
-7
-2
-26
-13
-7
6
18
27
-6
13
6
3
-11
6
34
-4
7
2
-32
2
2
16
-21
16
10
17
9
15
-2
3
-45
32
-18
0
7
-7
-12
-29
-2
57
-3
4
0
36
-3
-8
-5
39
16
18
31
0
15
-7
-18
-9
-17
-5
-14
-8
-15
-19
16
-5
-28
31
-23
-11
0
14
2
-36
-19
4
1
-22
-48
-2
-45
-16
-40
-26
32
19
10
-20
46
60
-8
19
-28
-39
-33
-4
20
-1
-15
-20
-27
-33
29
-12
-8
-26
4
-19
-16
33
-23
21
-7
70
-13
-21
25
54
19
11
-29
-43
-7
-25
-8
-1
22
13
9
32
-3
15
50
-6
18
-84
12
2
-26
30
-6
-3
-10
14
-10
40
7
10
10
5
19
-47
19
-11
2
36
18
0
-16
-58
36
-13
-2
-15
27
6
19
-5
-29
-1
-25
18
-12
28
17
-18
0
42
12
-7
3
-3
37
8
-27
3
-17
-11
-10
-23
-36
60
50
-35
-27
-9
15
3
11
-8
-36
2
32
-15
40
-2
1
