-4
42
-10
-60
8
-6
34
37
10
-26
-8
9
27
-54
60
27
16
-60
-51
34
55
-35
28
22
-22
-39
56
-9
22
21
53
-21
-26
6
-22
10
-37
2
-23
38
-9
10
-34
13
-22
-35
-30
3
45
16
-14
-45
-20
12
6
8
0
27
4
27
-12
20
-7
-6
-18
5
-38
8
2
-6
-20
-7
-19
9
16
-30
-42
-17
-1
-12
38
-17
-7
-10
18
46
0
14
-45
12
33
-13
-56
-24
-44
-15
0
33
28
-47
16
-17
15
-9
-66
-22
-6
-25
-17
-3
-28
15
37
22
8
3
4
7
60
60
17
-39
-20
-49
-5
-19
19
21
-25
23
-40
-33
58
-27
-17
-60
6
-24
24
8
-29
-4
-5
-18
0
-22
0
7
-18
-1
-52
14
-41
47
7
47
6
22
23
-42
-15
-9
28
29
19
28
0
19
23
-8
-16
-3
12
26
-20
-9
-10
-42
32
50
10
11
40
41
14
-66
-35
-15
9
-38
16
2
-12
5
31
41
-12
8
1
3
-9
5
7
-49
13
-20
12
-10
11
2
-1
7
0
-46
-27
-54
-37
21
-15
-46
-10
66
-1
24
2
8
3
17
-24
1
17
-63
16
21
-16
3
10
16
3
11
22
6
60
-33
-49
7
-2
-23
40
-25
-1
-6
20
36
3
5
-6
12
-17
42
7
44
13
-33
21
5
-17
15
-49
-13
-12
8
-17
-15
-14
7
-1
-48
-27
2
31
45
-37
-23
15
51
-37
9
-30
13
14
-15
-22
-42
-27
-36
41
1
-5
-49
19
25
-9
-17
13
-42
-10
0
-12
53
-20
39
40
1
-21
-7
6
17
-29
13
23
-55
29
-33
45
-38
-7
0
-14
-13
-8
21
13
8
10
24
-40
1
-41
-16
-10
-18
-51
5
-2
6
27
16
-10
11
22
-36
-25
-25
33
-32
31
55
-25
-1
6
21
-69
-17
26
16
-17
32
-46
18
16
71
7
-44
35
4
-50
7
35
-13
-15
-20
-1
28
-40
29
-19
-19
20
15
37
-24
21
-2
13
-37
32
12
-39
39
24
-11
0
-5
-14
-26
31
54
-23
-14
-43
-11
-12
-7
-12
-35
-35
-23
7
-2
7
-71
-21
4
-10
9
-48
11
-5
-20
1
-2
15
-2
-28
-13
-37
15
5
2
-15
-22
-7
-3
-21
0
27
22
21
-46
15
22
13
-42
35
-19
-7
25
-10
-1
11
28
9
27
-49
17
25
-25
-20
-19
-25
-18
-69
4
2
55
12
-8
41
-1
17
-2
-13
-17
11
-25
-11
39
8
35
1
-20
-13
-7
-36
13
1
30
39
-5
-1
24
13
-11
-10
-11
-15
-42
4
26
-24
24
7
-15
-17
-3
-44
-15
42
-41
7
-15
27
13
24
-11
27
23
16
-21
45
15
3
-22
4
-24
49
28
-3
-7
-21
33
15
-11
56
-46
25
27
18
33
-2
54
22
-31
10
-39
-2
6
15
-40
33
11
-5
-69
15
-24
-37
20
46
-17
32
-25
21
41
16
-2
-40
-3
26
-34
-25
6
6
13
-8
18
29
42
1
28
-2
10
58
-14
-35
-6
-22
-39
43
-23
20
39
8
38
-15
14
31
2
31
-8
-11
-4
-35
37
-5
65
48
31
1
-33
-10
58
33
-45
-2
-33
10
4
10
0
-11
6
-27
-39
-19
-2
5
-5
-39
-12
-10
-18
-23
48
8
49
-7
-14
-1
17
-18
16
21
-11
-22
-20
21
-43
4
49
15
21
-12
-8
26
46
1
-31
-44
17
-5
-45
38
-16
11
-21
10
-9
-61
-32
-15
0
-13
-46
3
-12
-1
-37
-23
48
17
-3
32
-6
-12
16
25
9
10
-5
15
2
41
28
13
3
-27
12
22
1
-14
9
-7
-12
-5
13
31
-26
-22
-15
29
7
-18
-1
33
-23
10
29
23
13
-72
0
24
-9
-28
-24
6
-29
-12
-15
-27
-33
26
30
9
11
-20
1
-8
-22
13
-7
26
-44
-12
-9
50
4
5
37
44
-13
16
17
23
35
-54
33
38
-34
10
1
34
31
7
-18
2
-29
12
41
-19
19
-32
17
3
26
-17
-7
-7
9
4
-15
10
55
16
-1
16
-4
-24
29
3
-43
3
8
49
7
22
11
2
12
41
23
13
-6
-28
-36
-31
-2
-38
10
9
6
19
16
-27
2
-32
8
7
-13
-8
97
-10
-17
1
-2
-27
13
-18
-19
-28
37
17
-8
-20
-18
38
33
69
-19
-7
41
10
-34
6
10
-4
4
11
-11
15
-21
-16
37
10
2
-28
43
-20
5
10
7
42
-22
-12
19
-16
46
-3
-25
-1
-20
15
19
-15
30
17
-12
45
-26
17
-5
-22
15
-21
-17
11
-2
16
3
8
-4
-24
-38
-21
15
27
18
-17
-8
-9
-19
-15
8
5
-3
-9
10
82
-9
-69
-2
21
-4
48
16
-53
-3
-4
-11
-31
-10
9
-47
15
-32
1
-11
41
48
-38
10
36
5
-3
1
-17
-24
16
40
6
-29
-10
-34
-29
-42
-14
-7
-41
20
-33
-39
12
-18
-16
-22
30
15
23
4
-7
-7
-18
-4
-6
-10
14
21
-12
12
-38
4
14
24
5
48
-19
-9
24
53
-2
-26
28
-17
6
-18
34
23
36
33
-10
20
24
-10
-1
9
-54
-24
24
23
72
-11
1
39
23
6
-37
-29
-22
-4
6
14
26
-6
49
36
33
28
34
-24
6
-12
-75
26
-30
-34
-28
40
-6
-5
0
12
8
20
-13
-27
13
6
-45
18
-30
-33
15
81
31
27
1
-3
37
0
-20
-3
-16
-56
1
50
-24
-42
23
-25
-2
32
6
6
42
21
27
-34
-37
-22
-18
-14
-43
-6
-27
12
-1
9
21
-1
27
5
-13
-27
30
15
17
-18
-25
-1
-29
-10
-13
-13
25
-55
18
32
-47
40
30
-12
31
17
-38
-9
-14
-4
14
43
-6
-30
-44
-54
4
1
-6
6
-38
-9
-27
-11
1
-12
12
-8
-2
52
-19
-5
17
-50
-45
15
11
-1
10
-32
-12
13
5
-20
-6
30
-40
43
-75
2
15
20
-39
43
-15
-2
53
-48
-29
12
-10
5
13
1
54
-20
-9
9
-1
-21
-44
7
35
-38
4
-40
-17
-10
5
7
5
-13
-33
18
18
-15
32
1
-44
-3
-2
-3
15
7
-10
-30
10
-22
-20
0
-22
-5
4
-25
-23
32
4
-17
18
5
-11
10
-25
-32
31
-19
-34
-28
-19
-13
17
-52
31
1
-27
-1
17
-13
-26
-31
-19
15
-53
35
14
-26
56
13
-31
40
-14
-9
43
-34
31
-23
-33
17
51
1
18
-30
16
-12
-32
-20
38
16
19
48
7
6
-19
-21
4
-7
-39
32
-33
-19
4
4
-11
49
32
-24
-35
14
-65
5
8
43
7
1
-21
-20
-41
14
2
4
-2
2
-17
-49
24
12
17
1
12
-7
-3
7
13
12
-18
5
-10
9
-12
-22
21
-57
11
7
-10
-20
35
-1
18
25
-12
61
15
-10
1
38
-20
6
-49
31
-37
21
19
20
-8
32
1
50
-20
-20
35
52
38
-32
-19
13
43
-9
18
-17
1
19
6
34
11
45
9
-26
-14
3
-8
-10
-14
-1
-8
-8
7
-5
6
-15
-11
-22
11
17
-18
-31
-6
61
-8
-8
-24
30
-16
5
-9
-15
12
56
-25
7
69
0
44
-53
20
-7
12
21
7
-35
-34
-42
18
0
-41
-7
4
-9
1
12
6
6
-60
-26
1
-35
-6
10
17
14
-24
29
20
4
63
10
17
-17
-3
12
24
9
5
-4
-1
24
25
-21
52
58
6
32
-15
-7
-48
-21
49
14
-8
59
39
5
-46
13
14
-10
8
17
-30
-12
28
9
31
-28
30
-14
-5
-30
-34
46
32
32
-11
1
-9
34
-30
-16
19
6
-30
27
39
-13
-4
-15
20
-39
30
-17
-5
-25
-88
-31
55
-25
19
40
12
17
-28
-33
-10
5
^[[A^[[B^[[B9
-5
-38
12
40
35
-33
26
33
-36
51
-22
-6
7
20
-29
32
6
4
-5
-33
21
-25
42
-22
22
-35
7
10
3
-14
-13
-1
-34
2
2
7
-9
-10
-37
-4
28
-5
11
39
-20
38
12
-15
21
-21
3
20
-23
-7
22
5
2
32
-12
20
-59
-14
23
-16
35
-7
-63
-20
-38
8
28
-1
-19
-10
-11
32
-19
19
14
-12
-50
-48
-8
-75
-22
3
-16
54
-10
-56
38
-18
0
26
-51
-18
-26
1
-19
-47
4
-3
-10
-34
-12
18
26
-20
26
-20
38
-46
-6
-8
4
-12
-7
-13
28
78
-31
21
19
-8
12
18
-32
9
13
-34
-53
-25
-19
-8
9
4
-12
28
-10
-36
-48
-17
-27
-2
13
4
-1
-51
-36
23
24
17
-41
19
-11
-10
-1
-5
22
-7
23
-23
-37
6
0
-17
11
5
32
19
-16
-6
-55
25
-15
-8
34
12
18
10
19
-39
-27
-15
-7
15
-20
25
12
-10
20
-9
39
-5
-18
-21
13
38
-34
-22
15
-10
-46
-62
29
-31
42
20
-12
-11
24
-58
-39
36
-10
14
5
-37
-14
-20
15
-3
9
28
-21
-37
-20
17
-26
24
-27
26
-12
8
-10
-45
37
-7
1
-7
-27
-7
-23
-14
-14
-15
-39
23
28
-45
29
-25
-38
-6
30
-19
-25
-24
-40
-8
-9
-19
19
-2
-39
-17
-7
-6
22
12
24
-18
15
9
17
51
-7
56
-7
-31
13
0
19
-6
-3
33
16
-31
-5
7
34
-9
-47
27
27
-26
-7
-11
-19
6
13
-3
25
65
-17
44
-11
-8
-17
21
24
-28
-11
-57
-25
17
-68
7
9
-5
-6
-15
2
-5
13
-31
-61
-13
-19
-2
59
-5
-1
22
-9
-63
-6
-38
36
-33
-33
25
17
-18
-39
20
-3
4
25
28
-3
-7
-25
22
-11
16
52
8
-26
6
8
6
10
-8
-10
9
-21
41
-25
15
20
72
54
25
10
-21
6
18
51
70
37
6
11
7
-5
3
3
3
-4
-1
10
-4
-3
30
-12
16
-1
51
6
-15
-28
-8
-23
18
3
17
-27
2
12
-7
-66
-7
46
43
13
14
-11
-19
39
-5
33
24
18
-17
18
46
-10
-45
49
-2
22
13
6
-46
-5
-19
36
19
1
-28
13
36
0
-72
18
-39
0
46
-14
24
18
-22
-35
25
-49
13
-16
-52
-6
3
1
32
43
-15
8
-13
-11
-28
8
-28
18
17
-13
-4
34
30
-9
-15
-3
-51
-49
-12
40
17
27
1
12
-41
-2
-51
-30
32
55
14
14
-47
-46
-17
-27
10
43
0
30
-6
15
12
-61
-6
41
26
25
-38
-53
46
-4
1
-36
25
-13
0
9
34
26
-40
-4
9
23
-16
6
0
44
13
-41
29
4
43
30
19
-9
18
8
23
15
8
2
1
9
2
40
-46
-14
40
49
-41
10
-35
5
20
-49
17
30
-13
-7
-13
18
-29
-18
1
61
38
-14
32
26
-28
27
4
7
10
20
-25
11
-8
-13
34
-33
24
12
-24
9
21
-19
-29
-25
-28
9
4
-18
-30
42
4
-4
-53
1
-21
31
35
-32
-19
-20
-25
9
0
20
18
0
-38
46
-9
6
12
-40
-6
-1
52
27
14
14
18
-48
-12
18
-7
-48
-24
-15
-39
-1
3
-11
-14
-7
-42
-32
-26
-55
30
-11
-16
1
20
-20
7
9
24
-37
-34
-24
-9
-32
-36
19
11
17
16
-18
-7
-57
-15
-22
-8
19
15
-44
-1
3
-6
-49
-39
22
-26
21
47
-44
-5
10
-8
40
12
23
-3
51
-27
-2
71
8
37
-39
10
2
19
4
-20
-8
36
3
-29
-36
19
-25
-22
-4
4
32
11
24
16
-56
0
-38
35
-12
-21
-25
-4
-66
-18
-33
3
22
-30
3
-30
19
-18
11
27
48
-7
-21
28
-43
78
9
43
-32
-29
17
6
-16
-43
-14
3
-14
0
28
-22
20
0
7
18
41
26
9
-47
1
-43
-8
-41
-5
-39
5
15
6
-37
5
35
-7
13
39
-6
-62
27
24
^[[A^[[B14
34
26
-10
-17
-29
-23
16
20
-19
-37
65
-22
-64
-22
-16
-30
-39
-19
27
7
-7
48
0
27
31
25
-13
-44
67
17
3
-5
29
-12
-12
33
-24
1
-1
9
8
-1
-10
-21
-14
-28
-1
-25
-19
32
16
-23
-4
-21
-45
6
22
10
12
-31
-17
68
9
-8
2
24
-10
0
25
11
23
9
6
12
2
6
0
-2
5
10
-43
62
12
1
4
-6
-10
0
-12
17
38
-9
0
67
-33
-33
-14
20
-30
-11
-51
-22
-10
-30
-25
-21
-38
-23
12
29
-63
45
-35
-17
14
11
63
17
-20
-13
-27
-8
-22
10
25
-33
-3
41
-63
-12
8
-30
-22
-23
-53
-20
-9
-8
-19
-9
-38
-10
22
-16
14
0
4
0
-16
-28
33
11
-35
-48
14
2
-68
-9
-18
-28
1
-3
31
-1
16
-11
-17
30
49
19
11
49
55
-1
-36
-1
-12
-26
9
34
14
9
29
-11
8
14
26
-11
-7
24
35
3
25
2
-31
10
6
-35
31
4
8
-60
-18
5
10
54
43
-2
-8
-56
40
-3
-21
27
-6
-2
-46
5
-22
11
5
3
27
-28
-58
-7
17
-39
-30
-9
-28
50
-17
3
-6
46
3
-14
5
28
5
58
34
22
-16
-43
27
-5
33
-25
-9
-2
31
-6
-3
-27
-12
-8
40
13
19
-16
26
-29
-23
-17
46
-16
-8
4
19
-16
-5
-45
-26
-11
-25
3
-9
6
67
1
-7
29
34
11
4
33
-8
21
-54
2
-4
12
-41
5
-3
-26
8
44
-20
-3
22
4
-16
-7
33
-23
-6
-7
-12
-15
-9
-11
-6
-7
29
-22
-12
17
38
-24
-15
10
57
12
-24
8
5
10
13
0
6
-13
-9
17
17
-14
-1
-10
-41
-27
-33
-1
27
-8
1
6
10
-44
-6
12
57
-2
-13
-22
56
9
-9
26
-11
-97
-42
18
12
31
-1
6
-69
74
-6
43
2
-37
-35
18
32
-2
-6
-9
18
34
6
10
-23
-18
-7
-15
-15
-16
22
21
-1
-32
-34
14
-52
12
-17
-30
-18
48
8
18
-9
-25
-68
-9
-5
63
-7
20
1
-59
10
-57
41
-14
28
-23
-11
30
-43
15
-29
7
-29
-17
-16
14
10
-12
23
9
-11
-26
-12
-8
20
50
59
-42
-63
-10
11
59
0
6
-10
-12
-40
15
-2
-6
8
14
-8
5
-13
12
-1
16
3
48
12
-5
-6
20
-22
-19
-48
-18
34
-22
16
34
15
-9
42
-45
-6
-25
4
11
-14
21
-17
43
0
28
-36
-9
-26
-12
-5
10
23
5
7
6
69
20
-30
-14
-47
-2
15
36
9
5
3
26
22
-18
-20
-1
-21
-5
7
-37
30
5
-26
-22
-4
-8
-5
-10
20
-49
18
50
3
-28
2
-17
4
5
-68
5
-1
-3
2
-12
-12
-30
-14
-8
-13
4
-23
-9
40
2
2
0
0
-20
-36
4
-31
16
8
19
22
-40
4
-12
-47
-17
-8
-13
23
-10
34
-44
-15
9
65
7
-1
15
19
2
-29
27
83
12
-2
44
45
5
-9
-24
-2
-17
28
16
25
20
21
-20
-15
-11
-12
11
-13
-38
26
22
2
34
7
23
14
-1
-9
16
-22
35
27
-38
-20
7
-10
6
29
4
-26
27
9
-29
-23
4
7
-11
8
45
26
23
34
-45
39
-45
-12
-28
-9
21
-21
-17
9
-7
-33
-33
5
-18
-21
-18
7
-61
47
25
19
41
10
-6
52
-3
-1
-41
9
-8
32
-21
-47
-9
-1
7
-44
69
-5
-18
-6
-42
8
30
20
-12
-4
-33
5
-19
6
-29
57
-1
4
11
-27
-41
-13
-13
-29
-22
51
0
44
-4
30
18
3
22
31
-1
-32
-22
-42
15
33
21
-35
-10
-9
-21
39
35
-14
26
-55
47
8
-19
-19
33
20
6
-29
-32
9
-34
-13
10
66
-23
36
-15
-13
19
43
-11
15
15
1
-53
68
-22
-32
15
-6
-47
-40
10
15
42
-6
38
-8
-6
-13
-59
29
-15
-4
4
-4
-12
18
10
-9
-17
21
64
27
-21
6
21
-20
-12
6
4
23
-4
-9
17
-57
-12
-18
34
10
45
-22
7
-14
-9
-4
-49
-35
-3
11
12
-9
10
8
-68
44
-13
1
9
-19
35
-35
-51
10
-42
6
50
-37
-23
52
47
-2
15
-16
8
16
-8
-12
-30
5
28
21
9
29
18
27
14
4
-26
-30
20
-34
22
1
-4
77
3
12
-4
-14
-31
17
13
4
22
40
19
-47
10
34
23
-10
17
16
30
16
-16
-3
-37
-34
-15
21
-11
-20
31
-4
-50
-16
13
-36
-22
9
-17
-16
-31
33
-42
21
7
23
16
60
5
40
0
29
16
-12
-3
-14
-19
-7
-13
-41
-5
39
18
-7
28
-7
11
-16
-23
42
-12
0
3
33
-3
1
-5
19
-20
9
6
44
-18
-8
8
-29
39
-52
-4
-4
-19
-20
-29
-39
-9
-82
18
-24
-10
-5
-68
-5
-25
-30
-54
2
28
-11
33
-44
-19
-5
39
-43
-34
-4
1
21
2
5
-1
3
6
-12
20
14
-27
-16
2
2
7
34
51
30
24
33
-4
5
-3
-29
-59
39
15
-4
11
-20
-44
46
-3
-22
19
-54
9
-7
-6
72
55
-32
-46
60
3
-16
3
21
10
-9
21
24
-30
-50
-8
32
2
-6
-5
-7
-29
-24
15
24
-37
-15
15
14
13
1
-19
7
-10
28
57
43
16
42
-46
-46
-17
-21
-35
-51
-23
11
0
-5
16
12
14
-11
1
-35
-100
4
-22
19
31
22
-2
-26
14
49
21
17
-58
-15
-32
20
10
22
6
-48
-29
8
1
-7
-14
-9
2
-21
-17
19
13
66
-8
-5
45
-10
17
-12
37
10
-15
37
1
24
-2
6
17
2
-4
16
-1
19
3
26
-3
16
28
-41
25
34
16
-17
-31
-11
-16
-12
-1
-9
40
10
-6
-23
-7
-18
31
58
17
-19
23
22
-14
-11
-34
11
15
13
-21
-45
-52
-11
6
3
-70
16
14
16
-34
-9
-21
-7
-16
-12
11
-30
-24
-23
-2
-25
-42
-28
-20
-46
35
11
36
19
4
-8
24
-15
0
-42
-56
-25
16
-6
0
21
-20
-15
-61
14
17
0
15
-16
-35
-27
-30
-33
29
-21
6
-2
47
0
-49
-44
24
37
56
-34
2
35
24
28
-13
5
-23
22
28
41
-11
37
16
14
-23
2
9
-16
-16
13
4
27
38
13
-56
34
-36
-13
-9
-11
-24
-2
-18
13
-3
47
17
13
-37
9
-1
-4
1
-12
-22
-3
-2
-54
-17
-19
-1
18
-8
-39
-15
4
8
-2
16
15
28
-37
12
-20
-23
23
-1
-25
-2
5
7
42
13
-4
3
-21
17
-45
3
10
2
3
5
-15
9
-24
56
-28
5
-7
-7
-36
44
-22
-46
29
-19
18
20
-12
4
-28
9
64
-3
20
2
-29
7
8
18
74
3
3
-15
-10
53
15
23
-5
13
-8
11
-46
-25
-41
-28
51
-6
-3
-13
24
-11
0
-40
-9
17
-9
-3
-21
-29
-29
26
-53
-14
-13
48
-36
7
11
-16
-3
-38
-45
1
-48
-2
14
-23
-22
-18
37
-6
-26
32
32
-19
-52
30
-28
1
33
2
56
35
34
-5
-6
1
-27
-43
-3
-12
14
38
-15
35
-38
-28
30
-6
40
14
14
-2
-8
15
13
-29
-2
11
0
9
-16
-37
2
20
25
-6
19
47
-44
5
14
-16
11
19
-8
33
73
-3
-30
-15
-31
21
-24
-1
-39
-24
29
-44
-18
24
-35
23
28
15
-41
6
-42
48
7
-57
16
-23
-6
3
12
2
19
-23
49
-15
24
-31
-10
11
24
-26
5
-23
7
-6
-10
38
-5
-19
39
-26
-6
20
-35
-22
-54
9
-20
-14
-13
-27
1
18
49
-41
14
-28
-16
1
-19
20
19
7
13
-39
83
24
21
-33
-33
38
-22
7
1
5
27
-25
26
87
-23
6
0
-22
24
12
43
19
-66
-3
96
-43
8
-10
-1
2
38
-15
-12
40
59
5
11
3
19
-36
47
-10
-18
11
17
-44
36
-29
42
-14
-11
-47
6
-30
-55
-8
-50
-67
2
2
-16
-9
23
-36
15
-27
-9
29
-35
9
38
-4
-24
-1
15
24
39
15
-8
-5
-7
31
-42
-28
-31
-20
-23
-7
-14
14
-47
-22
0
43
68
59
-25
-33
7
28
8
29
32
8
-4
41
-21
-28
34
0
4
17
-30
-7
-38
17
-18
-13
20
-21
53
-42
-9
26
30
32
-17
5
75
14
-31
-12
-23
3
-37
1
51
-8
-8
6
-27
10
3
14
-7
19
-13
24
34
16
-15
-13
-19
19
15
-34
17
9
-1
-10
-33
10
-9
-58
8
-5
26
17
-49
12
-27
-23
-25
-20
-34
11
16
14
2
-11
14
-1
69
-5
22
10
-10
42
23
-12
38
3
-24
-66
5
24
6
-6
-38
-1
26
-40
-32
-30
-28
21
-19
-1
-15
-2
-1
-24
-51
5
20
-2
41
-26
19
-8
2
29
0
-22
-8
23
1
